# timestamp tx ty tz qx qy qz qw
0.00000000 0.76936334 0.19522509 0.60824931 0.06243001 -0.29734704 0.00140600 0.95272517
0.10000000 0.76220906 0.21745494 0.60971361 0.07265547 -0.29450638 0.00300807 0.95287886
0.20000000 0.71879959 0.18535715 0.67005217 0.06134210 -0.26229092 -0.00278162 0.96303317
0.30000000 0.72105992 0.18501213 0.66771483 0.06163984 -0.26674705 -0.00301221 0.96178868
0.40000000 0.71627671 0.14914778 0.68169099 0.04893280 -0.25460400 -0.00528240 0.96579215
0.50000000 0.65221113 0.12618738 0.74746060 0.03939769 -0.22234863 -0.00955930 0.97412398
0.60000000 0.56033933 0.11602618 0.82009619 0.03060877 -0.17730211 -0.01085482 0.98362047
0.70000000 0.56785309 0.08502759 0.81872654 0.02242600 -0.16599210 -0.01943026 0.98568056
0.80000000 0.46173182 0.08707507 0.88273531 0.01978790 -0.08110969 -0.01647433 0.99637255
0.90000000 0.36992267 0.05744800 0.92728472 0.01029334 -0.05726494 -0.01845500 0.99813535
1.00000000 0.28022629 0.02149832 0.95969319 -0.00030411 -0.03489127 -0.02094083 0.99917165
1.10000000 0.23101757 -0.00040941 0.97294950 -0.00673885 -0.02296463 -0.02127034 0.99948726
1.20000000 0.25541803 -0.00126447 0.96682990 -0.00951937 -0.02709445 -0.02167307 0.99935257
1.30000000 0.20205329 -0.02006115 0.97916907 -0.01515755 -0.01457603 -0.02218173 0.99953277
1.40000000 0.09797003 -0.02805770 0.99479377 -0.01946378 0.01977775 -0.01709624 0.99946872
1.50000000 0.16820808 -0.02353818 0.98547047 -0.01014654 -0.03335259 -0.02986488 0.99894581
1.60000000 0.14820877 0.01679383 0.98881352 -0.00627137 -0.02599096 -0.03424897 0.99905563
1.70000000 0.14019272 -0.00436023 0.99011463 -0.01104443 -0.01784978 -0.02398088 0.99949203
1.80000000 0.14338858 -0.02228934 0.98941541 -0.01601556 -0.01432951 -0.01930201 0.99958271
1.90000000 0.11137281 -0.03731875 0.99307775 -0.02047451 -0.00400444 -0.02271126 0.99952437
2.00000000 0.07271090 -0.05685207 0.99573135 -0.02623278 0.00780830 -0.02528154 0.99930562
2.10000000 0.00701536 -0.07328790 0.99728614 -0.03296888 0.02663775 -0.03139783 0.99860786
2.20000000 -0.01216821 -0.08686428 0.99614584 -0.03684273 0.03302623 -0.03418198 0.99819010
2.30000000 0.05771229 -0.08146963 0.99500352 -0.03689382 0.02451982 -0.03791506 0.99829859
2.40000000 0.08931091 -0.08100717 0.99270409 -0.03776289 0.01929387 -0.03359070 0.99853562
2.50000000 0.17305474 -0.06366975 0.98285210 -0.02608022 -0.02295030 -0.04537064 0.99836597
2.60000000 0.16490209 -0.07416826 0.98351735 -0.02871352 -0.02178718 -0.04728270 0.99823104
2.70000000 0.06979150 -0.08197328 0.99418789 -0.03485909 0.02809267 -0.04041494 0.99817948
2.80000000 -0.01238861 -0.09721320 0.99518645 -0.04128052 0.04694599 -0.04146405 0.99718239
2.90000000 0.09120099 -0.10199735 0.99059522 -0.03873994 -0.00199690 -0.05678360 0.99763262
3.00000000 0.03790808 -0.10730225 0.99350351 -0.04159770 0.00670944 -0.06159676 0.99721134
3.10000000 -0.02615477 -0.11636252 0.99286234 -0.04570249 0.02194054 -0.06282026 0.99673643
3.20000000 -0.05938813 -0.12406944 0.99049473 -0.04810567 0.02980826 -0.06373035 0.99636126
3.30000000 -0.08145864 -0.13428019 0.98758966 -0.05061138 0.03731132 -0.06279425 0.99604379
3.40000000 -0.11951444 -0.14383800 0.98235786 -0.05288473 0.04644446 -0.06181782 0.99560267
3.50000000 -0.01067399 -0.12516207 0.99207890 -0.04128573 0.00835976 -0.07104771 0.99658308
3.60000000 0.04846801 -0.11041418 0.99270314 -0.03941038 0.00716651 -0.06668851 0.99696946
3.70000000 0.07386748 -0.05994644 0.99546474 -0.03284177 0.01114758 -0.06151972 0.99750312
3.80000000 0.06798977 -0.02065590 0.99747217 -0.02664028 0.01890826 -0.05071407 0.99817877
3.90000000 0.07212953 0.00324651 0.99738997 -0.02317901 0.02812971 -0.04768307 0.99819726
4.00000000 0.08009334 0.03764085 0.99607641 -0.01865524 0.03692091 -0.04433581 0.99815989
4.10000000 0.16586673 0.04460223 0.98513901 -0.01698577 0.02296607 -0.04009274 0.99878757
4.20000000 0.13896519 -0.00110843 0.99029666 -0.02581719 0.03726665 -0.03661314 0.99830063
4.30000000 0.16615131 0.02358365 0.98581821 -0.02232739 0.04098112 -0.03476477 0.99830529
4.40000000 0.24658930 0.03680602 0.96842092 -0.01659212 0.01375377 -0.03395624 0.99919093
4.50000000 0.24443544 0.06098943 0.96774560 -0.01309941 0.02268422 -0.03550584 0.99902611
4.60000000 0.29593226 0.05190404 0.95379770 -0.00749061 -0.05841298 -0.04605806 0.99720132
4.70000000 0.30910543 0.10150270 0.94559562 -0.00357778 -0.04453485 -0.04816105 0.99783985
4.80000000 0.35894063 0.08981176 0.92902935 -0.00065253 -0.10888337 -0.05480451 0.99254242
4.90000000 0.40347657 0.07813672 0.91164756 -0.00432153 -0.11001062 -0.04990908 0.99266715
5.00000000 0.43852839 0.06516035 0.89635205 -0.00811369 -0.10887265 -0.04604990 0.99295535
5.10000000 0.39668071 0.09594616 0.91292864 0.10809188 -0.08573656 -0.04308493 0.98949941
5.20000000 0.40081549 0.07480028 0.91310012 0.09194021 -0.07617980 -0.04450683 0.99184816
5.30000000 0.43838921 0.05829926 0.89689249 0.08011635 -0.09141370 -0.05214589 0.99121426
5.40000000 0.35649303 0.03712044 0.93356025 0.06461198 -0.05818924 -0.04577003 0.99516049
5.50000000 0.28791302 0.01260451 0.95757359 0.04946020 -0.02982657 -0.03905492 0.99756643
5.60000000 0.29355168 -0.00466155 0.95593184 0.03774379 -0.02415269 -0.03760121 0.99828764
5.70000000 0.19580463 -0.00678049 0.98061949 0.02917851 0.02539239 -0.03578113 0.99861081
5.80000000 0.11339980 -0.03282934 0.99300689 0.01404564 0.05857531 -0.03084328 0.99770754
5.90000000 0.03120450 -0.05135390 0.99819291 0.00146731 0.09211206 -0.02906784 0.99532320
6.00000000 -0.03910932 -0.07451742 0.99645251 -0.01184802 0.12032189 -0.02535668 0.99234032
6.10000000 -0.04730980 -0.08620056 0.99515390 -0.01812605 0.12401618 -0.02250513 0.99185934
6.20000000 -0.12313373 -0.08623332 0.98863637 -0.02316346 0.15995998 -0.01879222 0.98667275
6.30000000 -0.18347095 -0.10310391 0.97760320 -0.03481513 0.18355958 -0.01862600 0.98221528
6.40000000 -0.19111156 -0.10840502 0.97556382 -0.03811758 0.17926293 -0.01700895 0.98291533
6.50000000 -0.25055751 -0.10258300 0.96265137 -0.04090821 0.20363733 -0.01901616 0.97800651
6.60000000 -0.25069711 -0.11069792 0.96171564 -0.04405655 0.19425889 -0.01862955 0.97978337
6.70000000 -0.24405153 -0.11489561 0.96293187 -0.04557551 0.17981740 -0.02548738 0.98231307
6.80000000 -0.24387509 -0.12259489 0.96202672 -0.04767515 0.16539571 -0.03476183 0.98446074
6.90000000 -0.14734271 -0.14057988 0.97904414 -0.05774339 0.11710999 -0.02656253 0.99108293
7.00000000 -0.09502976 -0.13613318 0.98612225 -0.05596197 0.09463950 -0.03147155 0.99343906
7.10000000 -0.05145149 -0.13316759 0.98975712 -0.05446019 0.07229257 -0.03329229 0.99533888
7.20000000 -0.03105404 -0.13273552 0.99066490 -0.05385248 0.05598469 -0.03385448 0.99640328
7.30000000 -0.03938888 -0.13517080 0.99003905 -0.05336800 0.04707373 -0.03566386 0.99682697
7.40000000 -0.08316554 -0.14453605 0.98599839 -0.05611889 0.04801090 -0.03663714 0.99659588
7.50000000 -0.12682173 -0.15000117 0.98051816 -0.05789437 0.04859730 -0.04160521 0.99627082
7.60000000 -0.20051795 -0.15338647 0.96760798 -0.06595558 0.07421387 -0.05027022 0.99378824
7.70000000 -0.20527117 -0.15753527 0.96594328 -0.06604661 0.06627351 -0.05356908 0.99417102
7.80000000 -0.25401726 -0.17106920 0.95195091 -0.07627717 0.08871687 -0.04953217 0.99189600
7.90000000 -0.28709063 -0.17596200 0.94160306 -0.07787107 0.09182145 -0.04868248 0.99153161
8.00000000 -0.34600845 -0.15958527 0.92455971 -0.07671365 0.11767996 -0.05448891 0.98858353
8.10000000 -0.38366187 -0.16995841 0.90769911 -0.08684578 0.14482511 -0.04886434 0.98442662
8.20000000 -0.31967026 -0.16582313 0.93290603 -0.08330706 0.12259608 -0.04770044 0.98780302
8.30000000 -0.35997877 -0.18166098 0.91510361 -0.08806090 0.12771926 -0.04998819 0.98662772
8.40000000 -0.38770959 -0.20074436 0.89965713 -0.09242410 0.12881757 -0.05230382 0.98596558
8.50000000 -0.37896404 -0.20280284 0.90291601 -0.09030708 0.12006631 -0.05169007 0.98729775
8.60000000 -0.35507628 -0.09476452 0.93002176 -0.01969362 0.10566023 -0.05365068 0.99275862
8.70000000 -0.36678138 -0.13318273 0.92072457 -0.02999792 0.10345860 -0.05286109 0.99277497
8.80000000 -0.25724894 -0.13301083 0.95714736 -0.02983578 0.06356342 -0.05640510 0.99593573
8.90000000 -0.17028300 -0.13516279 0.97608131 -0.03112255 0.04309579 -0.06183791 0.99666956
9.00000000 -0.15661480 -0.09396832 0.98317939 -0.02730633 0.03851836 -0.05793482 0.99720322
9.10000000 -0.22430184 -0.08280184 0.97099566 -0.02716915 0.07560671 -0.05254863 0.99538139
9.20000000 -0.20382693 -0.10079300 0.97380459 -0.03292909 0.06983167 -0.04961322 0.99577997
9.30000000 -0.22698013 -0.11636873 0.96692210 -0.03834256 0.07175985 -0.05143906 0.99535642
9.40000000 -0.28414404 -0.11140003 0.95228785 -0.04202199 0.09380507 -0.05181200 0.99335305
9.50000000 -0.33534077 -0.10160638 0.93660170 -0.04405391 0.11672258 -0.05264881 0.99078918
9.60000000 -0.25955424 -0.06523988 0.96352237 -0.03781411 0.10147592 -0.06202113 0.99218250
9.70000000 -0.23448597 -0.07904345 0.96890062 -0.04033642 0.09499341 -0.05929939 0.99289114
9.80000000 -0.20780988 -0.09038509 0.97398436 -0.04222116 0.08872252 -0.06008067 0.99334586
9.90000000 -0.18191582 -0.09997432 0.97821867 -0.04421687 0.08470059 -0.05526243 0.99388970
