# timestamp tx ty tz qx qy qz qw
0.100000000 -78.8411402675 -69.0504574496 -50.9771956182 -0.1243272646 0.0539300091 -0.0034072858 0.9907687297
0.200000000 -86.2183773332 -65.9220126744 -49.5555689717 -0.1201101831 0.0654318505 -0.0135917511 0.9905086982
0.300000000 -93.2245283168 -65.9246568450 -46.8048242871 -0.1208083662 0.0770025014 -0.0187949390 0.9895062929
0.400000000 -112.0945458617 -99.2290219380 -26.3313603062 -0.1835802740 0.1120257135 -0.0660723673 0.9743628507
0.500000000 -112.1576342038 -100.3409715776 -26.0729208972 -0.1851164685 0.1125700763 -0.0635724247 0.9741757633
0.600000000 -111.6048650645 -99.9388315446 -26.3787667690 -0.1838089672 0.1118085066 -0.0621098124 0.9746053009
0.700000000 -112.0671125707 -100.4211820867 -25.8962609879 -0.1849539210 0.1127918869 -0.0620176638 0.9742811949
0.800000000 -111.4352177644 -102.1448669448 -25.5321768782 -0.1876537065 0.1115173475 -0.0612488011 0.9739602415
1.000000000 -112.1132250308 -103.1913028630 -25.9469414741 -0.1899766480 0.1083874740 -0.0607222257 0.9738962162
1.100000000 -115.6360154636 -103.4868272549 -25.8842778939 -0.1910499131 0.1107694177 -0.0598075630 0.9734747671
1.300000000 207.3343170199 -31.2392460862 45.3154049102 -0.3558049511 0.0493173175 0.9331078387 0.0167451577
1.600000000 -132.8213920875 -103.6419247617 -25.5322540047 -0.1926444266 0.1230952731 -0.0616188140 0.9715651293
1.700000000 179.0859302317 -90.7291640878 53.1551378506 -0.3068972129 0.1692265446 0.9365693797 0.0037781255
1.800000000 -137.3939431758 -107.9770341643 -25.3840178764 -0.2010628739 0.1245439299 -0.0679759411 0.9692480599
2.800000000 31.2799792100 -118.2276816311 -34.5813969068 -0.0622404539 0.1954268144 0.9778720971 0.0412389103
3.400000000 219.1660117340 26.0191050490 127.7625289754 -0.5095913958 -0.0960232959 0.8546131878 0.0270635405
4.000000000 200.3471902165 -67.2721366448 64.8313221754 -0.0901023689 -0.5482694560 -0.0056015999 0.8314149318
4.600000000 74.5662131838 -136.5579444740 -45.6819774833 -0.1749337561 0.2048669695 0.9625592778 0.0301221274
4.800000000 9.6473933079 101.4169637299 -60.7318736263 0.1863760910 -0.2232777655 0.0464741920 0.9556417433
5.100000000 60.7168140412 -122.0176852357 -57.4503871709 -0.1578644026 0.1802754096 0.9704914877 0.0269421487
5.200000000 66.3558933351 -138.7096114921 -50.0513404653 -0.1706528735 0.2030067002 0.9634285702 0.0383570921
5.300000000 63.7892801701 -146.1777537749 -40.9193407107 -0.1737046715 0.2170970046 0.9593748141 0.0479118329
5.400000000 57.3599847781 -124.7303758728 -53.8283528845 -0.1571460300 0.1834729109 0.9697225106 0.0357920182
5.500000000 -230.7567853055 -91.8139656710 -26.5254896517 -0.1712161348 0.1900973437 -0.0828847635 0.9631605012
5.600000000 -240.9585557746 -50.2145593456 -61.1780661736 0.3253140455 0.0892879671 0.9341506310 0.1164518326
5.700000000 -225.6506808696 -92.6454056699 -29.0049152476 -0.1700508445 0.1808893116 -0.0789619283 0.9654671310
5.800000000 -225.4450583882 -94.1513157852 -29.1048638818 -0.1721717141 0.1802870801 -0.0774438656 0.9653268448
5.900000000 -225.4947715989 -94.7790968289 -28.8834880332 -0.1731061607 0.1804957758 -0.0768258319 0.9651701009
6.000000000 37.6546563589 -131.8053449975 -71.2126695478 -0.1177051492 0.1888800409 0.9743013416 0.0347379311
6.100000000 -227.1736209135 -95.2351685572 -27.4734265495 -0.1757654644 0.1834929241 -0.0812751179 0.9637588928
6.200000000 -221.9209239447 -94.1373152140 -30.6400895450 -0.1716200742 0.1744620393 -0.0793157283 0.9663428803
6.300000000 -218.1028091601 -97.9661799698 -31.6559346018 -0.1767608354 0.1675817366 -0.0764247925 0.9668667021
6.400000000 -216.8479934427 -96.6903762241 -32.1400138539 -0.1731191230 0.1658329629 -0.0730769829 0.9680851989
6.500000000 -214.3146615639 -97.2188484345 -33.3132042466 -0.1729738147 0.1616954453 -0.0708380650 0.9689770951
6.600000000 -214.5308282506 -95.9985331491 -33.1436191598 -0.1713434857 0.1628280556 -0.0722562333 0.9689723789
6.700000000 -210.4714202323 -96.3195274969 -35.5608622174 -0.1686283036 0.1561834319 -0.0661590853 0.9709759040
6.800000000 -210.0777682769 -98.5525433319 -34.9499760671 -0.1707116249 0.1562281477 -0.0587593412 0.9710806593
6.900000000 -213.0783986403 -98.3826876843 -33.3501824665 -0.1726917965 0.1607478537 -0.0636243150 0.9696853188
7.000000000 -216.2807707739 -97.6175381691 -31.7863060237 -0.1764904549 0.1649665813 -0.0761279531 0.9673891053
7.100000000 -216.1738012242 -95.3147830558 -32.4358618832 -0.1719613945 0.1651481960 -0.0756963226 0.9682073223
7.200000000 -219.2760066404 -95.3284282424 -30.7524412814 -0.1736910566 0.1707031307 -0.0790193162 0.9666684053
7.300000000 -218.9301206046 -93.8505876443 -31.6630846159 -0.1698358508 0.1703471755 -0.0764825578 0.9676197817
7.400000000 -217.7146634033 -94.9562122077 -32.0603443189 -0.1708282171 0.1677763369 -0.0744096074 0.9680557997
7.500000000 -225.5840801432 -94.6498059526 -27.6381708854 -0.1747397918 0.1817649778 -0.0817334559 0.9642339655
7.600000000 -226.6692032746 -93.3418249278 -28.2230736705 -0.1730750545 0.1830950882 -0.0837828151 0.9641066611
7.700000000 -226.3942145756 -94.4947997416 -28.0742238281 -0.1743775401 0.1824960364 -0.0807697116 0.9642426686
7.800000000 -227.0568853037 -95.2043559123 -27.3380850140 -0.1749391394 0.1831531610 -0.0786145421 0.9641944674
7.900000000 -234.7269322540 -97.1277566745 -22.2530503749 -0.1819805105 0.1966922960 -0.0826407686 0.9598779807
8.000000000 26.4813658371 -143.5593299390 -77.1372142802 -0.1009829927 0.2005719423 0.9731154272 0.0511829702
8.100000000 20.1694005523 -162.4418113636 -68.6463543255 -0.0955373427 0.2310446546 0.9663651006 0.0602451332
8.200000000 -249.1431840908 -92.6882829430 -15.0225152103 -0.1820496595 0.2210767387 -0.0950138239 0.9533915095
8.300000000 51.8748121476 -130.0457956785 -61.1992063334 -0.1451002736 0.1852128783 0.9706652811 0.0495077011
8.400000000 -263.9121290177 -91.7618309137 -6.1480053219 -0.1884162029 0.2439039937 -0.1036595891 0.9456557862
8.500000000 -268.4961703709 -91.6965388286 -3.9709480158 -0.1899057357 0.2481919774 -0.1043536020 0.9441646465
8.600000000 76.5935368161 -155.5348753120 -42.4729774782 -0.1817208093 0.2233514024 0.9557365052 0.0604932318
9.000000000 -293.2560703904 -38.2746716033 -43.3203003439 0.4215351786 0.0868069207 0.8911080635 0.1438717169
9.100000000 102.8549195777 -124.4429166040 -44.6570557342 -0.2006751947 0.1827644219 0.9618190319 0.0350825040
9.200000000 101.7292870621 -103.5193474008 -46.0134036504 -0.2022533133 0.1497455796 0.9670503392 0.0385162323
9.300000000 75.1554200954 -116.4711032287 -78.8200677043 -0.1450402575 0.1563919633 0.9754532984 0.0547333556
9.400000000 75.3543233788 -146.8781206865 -54.5381634990 -0.1623675925 0.2034138681 0.9624382461 0.0772799177
9.500000000 -279.0785337707 -75.9046347672 -56.6057157966 0.3805569108 0.1465581712 0.8967053745 0.1720947744
9.600000000 78.7671633802 -113.5355072351 -54.1108017392 -0.1734549636 0.1481183100 0.9693788243 0.0909892132
9.700000000 90.3369995530 -133.3799586783 -47.5556729309 -0.1951978885 0.1740849158 0.9597590544 0.1022486377
9.800000000 -264.5940804110 -97.8743339055 -29.5274951052 0.3749484369 0.1901423722 0.8947736223 0.1504649887
9.900000000 -206.3785742345 -133.4934911364 -25.1107412387 -0.2328615850 0.1217072623 -0.0792099602 0.9616073038
