# timestamp tx ty tz qx qy qz qw
0.10000000 -0.67649096 -0.59248269 -0.43740630 -0.12432726 0.05393001 -0.00340729 0.99076873
0.20000000 -0.68133545 -0.58851528 -0.43523756 -0.12390696 0.05508086 -0.00442581 0.99075404
0.30000000 -0.68949866 -0.58313000 -0.42959392 -0.12360096 0.05727501 -0.00586303 0.99066039
0.40000000 -0.69833308 -0.59427959 -0.39895192 -0.12966772 0.06278665 -0.01189717 0.98949612
0.50000000 -0.70497340 -0.60390306 -0.37190539 -0.13526977 0.06779588 -0.01707646 0.98833911
0.60000000 -0.71005905 -0.61170453 -0.34876019 -0.14016859 0.07222176 -0.02158964 0.98725411
0.70000000 -0.71419984 -0.61829430 -0.32807127 -0.14468559 0.07630017 -0.02564139 0.98619820
0.80000000 -0.71674514 -0.62484258 -0.30959350 -0.14901495 0.07983999 -0.02920998 0.98517354
1.00000000 -0.71855563 -0.63052642 -0.29345232 -0.15313781 0.08270943 -0.03236784 0.98420541
1.10000000 -0.72112328 -0.63427198 -0.27871186 -0.15695229 0.08552837 -0.03511772 0.98326885
1.30000000 -0.61680210 -0.73919600 -0.27045238 -0.20825347 0.09147213 0.10759564 0.96782567
1.60000000 -0.64332163 -0.72241592 -0.25348088 -0.20696641 0.09477382 0.09073572 0.96951011
1.70000000 -0.48983064 -0.84598488 -0.21065508 -0.24350172 0.11557091 0.22043196 0.93742201
1.80000000 -0.54304725 -0.81515437 -0.20155165 -0.24015406 0.11693565 0.19204122 0.94433694
2.80000000 -0.46559599 -0.85791188 -0.21727300 -0.23794439 0.13810792 0.31532559 0.90822819
3.40000000 -0.26710999 -0.95915377 -0.09314648 -0.28854330 0.11807624 0.40498660 0.85952698
5.60000000 -0.25325665 -0.91803211 -0.30508700 -0.18619168 0.12314427 0.70620872 0.67189091
5.70000000 -0.43621776 -0.85445505 -0.28217131 -0.19112705 0.13418032 0.64269453 0.72966419
5.80000000 -0.56272036 -0.78549075 -0.25758514 -0.19455153 0.14316542 0.58150480 0.77685619
5.90000000 -0.64916825 -0.72331321 -0.23536897 -0.19671786 0.15052631 0.52345922 0.81525110
6.00000000 -0.56505442 -0.77718067 -0.27695429 -0.19604246 0.16149390 0.59849612 0.75979568
6.10000000 -0.64705896 -0.71978748 -0.25143725 -0.19871448 0.16792389 0.53914170 0.80102456
6.20000000 -0.70359850 -0.67135310 -0.23288226 -0.19976319 0.17197087 0.48346878 0.83473267
6.30000000 -0.74256217 -0.63327765 -0.21808450 -0.20049255 0.17423036 0.43185747 0.86194294
6.40000000 -0.77191675 -0.60130972 -0.20632777 -0.20015561 0.17554825 0.38445833 0.88391874
6.50000000 -0.79370934 -0.57537657 -0.19740129 -0.19935325 0.17588036 0.34111103 0.90164718
6.60000000 -0.81126684 -0.55299610 -0.18984580 -0.19810030 0.17597605 0.30132082 0.91596641
6.70000000 -0.82429683 -0.53504384 -0.18510219 -0.19635646 0.17508087 0.26564022 0.92748375
6.80000000 -0.83438289 -0.52074832 -0.18062790 -0.19471922 0.17402969 0.23392629 0.93652367
6.90000000 -0.84334970 -0.50781965 -0.17572850 -0.19328695 0.17339983 0.20468552 0.94375658
7.00000000 -0.85155356 -0.49576253 -0.17051715 -0.19228845 0.17317645 0.17697370 0.94958695
7.10000000 -0.85883594 -0.48445338 -0.16645040 -0.19079971 0.17287464 0.15195444 0.95426395
7.20000000 -0.86547643 -0.47407106 -0.16188647 -0.18953980 0.17307804 0.12902117 0.95784769
7.30000000 -0.87128127 -0.46450832 -0.15843274 -0.18792253 0.17313826 0.10857460 0.96068716
7.40000000 -0.87585020 -0.45679444 -0.15564452 -0.18649151 0.17286441 0.09033966 0.96290060
7.50000000 -0.88094604 -0.44858932 -0.15067072 -0.18556215 0.17399212 0.07316905 0.96433382
7.60000000 -0.88560760 -0.44070077 -0.14656727 -0.18451688 0.17510176 0.05749138 0.96539507
7.70000000 -0.88938332 -0.43425810 -0.14288867 -0.18366030 0.17599594 0.04367117 0.96611964
7.80000000 -0.89261925 -0.42875770 -0.13927574 -0.18291100 0.17683323 0.03144179 0.96658419
7.90000000 -0.89604479 -0.42344528 -0.13340861 -0.18292875 0.17893088 0.02002722 0.96649869
8.00000000 -0.86020672 -0.48176649 -0.16716880 -0.19241330 0.20300121 0.16087303 0.94651334
8.10000000 -0.81484765 -0.54565930 -0.19565086 -0.19644975 0.22469279 0.28289765 0.91153144
8.20000000 -0.83430147 -0.52177531 -0.17802137 -0.19628755 0.22582433 0.24606787 0.92191386
8.30000000 -0.78755277 -0.58039731 -0.20712222 -0.20458354 0.23772480 0.35814148 0.87941297
8.40000000 -0.81626028 -0.54830456 -0.18188269 -0.20499220 0.24079008 0.31387698 0.89525392
8.50000000 -0.83938491 -0.51969296 -0.15922360 -0.20512851 0.24353881 0.27337214 0.90767770
8.60000000 -0.78321618 -0.59525716 -0.17955889 -0.21610287 0.25752425 0.37772771 0.86272973
9.00000000 -0.82746530 -0.53280455 -0.17725816 -0.15050304 0.25397882 0.46927820 0.83223889
9.10000000 -0.76921922 -0.60574412 -0.20341052 -0.16354296 0.25762046 0.54953191 0.77775322
9.20000000 -0.70317012 -0.67181855 -0.23283391 -0.17417839 0.25508816 0.61809960 0.72287261
9.30000000 -0.62625688 -0.72805405 -0.27881813 -0.17605901 0.25162749 0.67588707 0.66997276
9.40000000 -0.53428239 -0.78980911 -0.30123734 -0.17832332 0.25177333 0.72116400 0.62026887
9.50000000 -0.63623929 -0.71447533 -0.29107475 -0.12161296 0.24714195 0.76050685 0.58801402
9.60000000 -0.55515224 -0.76829493 -0.31863600 -0.12882565 0.24027346 0.79346507 0.54413766
9.70000000 -0.45543042 -0.82440096 -0.33607465 -0.13712909 0.23600063 0.81938484 0.50409106
9.80000000 -0.56983894 -0.76347959 -0.30394486 -0.08491618 0.23559969 0.84311448 0.47585712
9.90000000 -0.61961097 -0.73544931 -0.27421993 -0.10863200 0.23639269 0.78213795 0.56619591
